1000
298498081
427131847
939984059
911902081
474941318
140954425
336122540
208240456
646203300
106410694
747278511
460128162
817455089
683024728
6933274
607811211
629431445
458323237
469339106
436340495
774965466
225511528
852186258
629458047
637979947
616138287
443632888
858292790
496193015
124895541
60780408
340007387
304066831
170625356
277341737
126960631
486111485
647515026
372086413
162003090
168565194
598090563
908712433
139424147
544474078
605764324
693516159
776971353
890951957
638043721
920627189
209282199
159538705
477362888
462604538
518649703
668989355
593108510
720252605
568160156
392828266
919889828
926275561
465987202
980435746
195071563
59014376
990689002
747225447
483565094
526661577
210707463
394767996
184906420
623118623
867160953
280571137
924879241
691670059
548653033
384138643
183653891
437902002
337298878
793909336
508572546
149509107
402107940
512906503
348830552
272199843
604152205
881161598
933967425
342381351
181431515
339189757
565903687
783558010
1103410
580695285
858958590
69163632
297033098
879648553
63718591
4088582
6105384
966711297
266659267
201286137
751069271
885515894
984497726
288845802
56403981
816412079
536212066
378221270
531430493
372923086
272649819
748898981
490006052
65117175
157944885
612251387
631373749
617401528
324192818
764004384
786557903
497851224
348264547
70293612
192921532
54103616
842277839
265690540
996325786
228547051
263958076
884253640
186657351
55718844
711992305
230599183
681554801
844500090
280061602
408092258
588763767
404543231
211277578
117508154
214167822
326081223
163617342
676904208
342847743
295931968
692801166
157653710
225894535
101190440
469254904
402393162
126354657
405034415
538389371
367183039
27543430
65889513
210519700
792661359
774796720
746640783
739410870
543312984
464868247
191858010
863440565
87694162
362236829
711607920
777962048
503856756
124395695
883776200
239819456
676656629
197821092
114878831
534797577
538507886
822425320
456471162
46243447
199651888
386916611
669769103
963069888
46338318
177123756
442742019
859397807
933326157
685758675
72422181
859921853
42538795
385210417
920601393
729278470
905778996
507509386
642842632
76782520
562460260
343973922
101847029
155581661
555270060
889452420
819992954
787131464
532242060
961509551
161141181
793371757
351479516
614350600
357217039
208164637
31841533
253775561
147652804
394121509
792731719
713085014
420331040
666815740
395976000
789373173
664750235
730596443
896200421
543032390
873460574
923722869
40186336
700103338
909573472
32601544
929212395
942992174
837611237
92173524
415257293
747021606
81229648
803773352
49627420
267068622
560870371
793036117
676038151
16495265
932198682
795143479
215176592
381270129
653324231
698928721
563460855
744884511
460965343
765431053
754055166
286759859
241999867
888158408
257377008
957675528
115503653
491596774
696158284
753262375
750091874
652410106
442092286
446554467
648974658
735040259
287943546
376246724
739191657
389963374
785076531
62318146
836764983
526310928
587325516
875384926
953697477
70805036
619846051
971917762
96616789
677234698
613969430
150602409
438201128
857949159
985446861
242428602
34077418
182438345
94927653
594538240
53972120
142059081
563694405
987427276
797761509
879221466
892820556
208867695
936230580
9544834
588248477
234734267
837061478
552022175
989453380
367103808
652592631
145578265
379008558
747172884
514270442
552349023
537663162
719609673
613276972
10479253
806019158
493005527
28530496
931385513
92342574
530431306
109723740
875168531
21552332
746182677
87445402
283263654
558613483
788544330
492461462
546860604
624533421
966698193
727948398
14668956
778100922
536130045
102796494
695904806
623948999
411904024
474591420
411982044
839327759
974084007
321447124
117533357
644088853
532967774
978058475
502785740
176028089
100095814
572050545
335738339
212751581
301883131
341887051
356085629
527834203
153157092
726238372
442395275
798444377
575941262
78510973
909403017
994369759
597883780
977512205
533471406
545942474
909893544
594701723
410570894
465703922
367498033
533827574
830778610
653500030
271365395
615549914
98092523
426407650
365699277
561905645
885440671
103857208
281728198
171672734
814698879
629823354
671394721
304467587
405269326
355810010
846033921
3031267
215189301
906518849
971699488
280283920
380478374
782064401
740278140
141593973
174965596
720519466
53630075
329356110
347886872
697167913
703415214
180789959
546160325
476541446
902409921
47526244
465997063
168031436
210846487
490861488
789358223
584211925
933379026
421269219
955909200
433688730
782543176
14231300
442758051
680309434
645898619
735685666
618280913
309857045
971100541
486425642
835492239
530137694
16167221
329586574
9640701
952499750
510759485
702792088
703290864
924044560
945096216
213909719
683671582
121156316
219446813
821682516
351883322
214196301
260269555
591319277
995656217
221810758
452842232
675577179
14533875
307663333
806333740
477047627
692004534
70471552
206993928
719017037
123364647
748569969
387130712
964306346
790491009
340280104
195459356
565106314
847153589
405777223
623182442
377317764
684365339
349471730
597955619
723669953
240103360
919670894
237275985
744745721
818156213
728709401
896307328
810231757
386216184
960576262
406674283
212284721
353551350
56961315
398385540
682494492
394620342
570321898
950573401
539575707
315197912
48239695
207216516
73896452
511512283
603463755
940614769
965984740
441227694
509498098
9701590
192323882
651963414
39522370
201697182
135764476
80751526
713144196
171208825
869165768
434462762
683262243
699104121
356543709
583207093
395114870
549478937
323851086
406469841
765658798
998903585
321569401
450669058
680280718
141365392
641242735
555055815
264509681
736996848
148992356
171505617
469375074
108601099
348560573
329161051
983833161
14258460
861731092
217706524
872714214
305716118
995655063
834954135
338162748
491999350
713373040
485585652
683075390
694004666
684895799
829690760
664623794
58237510
113308351
382565666
820538601
661570722
626621060
801203834
923326013
464210162
698106898
76463817
886695093
618636840
659596053
519326218
296727601
233693006
718152188
118423571
377773577
382730242
161450817
402649407
70158284
539467150
148624907
407497222
889812945
556892835
57547630
528856904
819020562
323434752
317796775
315228114
586553207
310165453
848108701
180757173
891373201
717874195
453693450
222463045
456599227
69955299
349446138
761404615
686021775
525540943
317675340
545900860
321743539
438790593
155182551
128346312
955301778
999791281
848141106
682663179
790564615
928337185
241545511
631831648
169218314
182016836
910996955
27913360
122045836
387383906
517047483
413476128
894497201
657588612
277470779
434777563
217268143
627693787
739486532
103731523
398919723
26802825
160261190
707884801
45436501
161253847
577117407
6684659
698332414
911151096
160976152
162951364
371286588
603073237
750201800
704671192
398585138
379352395
639445197
523230144
790813078
246551608
383459727
42681063
962858454
552257352
409337011
810118401
213311438
103245088
375703780
880023741
441445671
24932641
633858314
864273527
193987636
862549338
212968784
144157044
403713237
996710998
340312523
606375394
209729995
988746362
311082079
320027107
49511428
587616082
157263495
932530856
142521878
734620989
548030072
172199141
538302915
768681602
913810564
716705920
572409289
960550503
275598804
664469300
684315060
866056879
215323887
154406815
622506385
302927198
774382363
352029325
346206453
451037251
559353380
254353332
984319962
4154832
591926458
79318464
608979438
662928788
579835809
794813416
269437356
16474587
29923972
10049208
158529244
611444633
24277346
848519243
335096601
163160273
576740344
670377800
583591806
282642155
157397663
157877378
474024191
576451561
88735140
391666312
887014278
948676444
157066536
508521312
367866383
908821411
946413735
350632971
355003799
34268158
478845004
384347801
111714583
185463816
519193781
662590296
564433556
282061089
543353816
857239317
88267574
962277777
835349203
478285666
654949661
587838784
612654923
557518429
706338111
597673183
971223904
925137650
745501762
296256991
264714510
307923337
459501464
952811673
739290457
624232403
266117181
615808638
176843617
344987464
13978676
498643366
330278135
512680405
932649585
977859105
500296479
947349341
702235763
286795204
83610319
281004947
521711883
944135836
386682210
850645203
761925330
900005647
892621907
728717672
475223804
479678498
971761691
11990425
400232337
883813472
148354629
607503004
204969814
34260289
288854118
296612892
189822258
762573650
504791978
34150817
31540325
408095213
949514269
514437135
29966910
822949952
55918171
88070272
953536209
524287976
680954987
348877388
884053118
524366018
301094966
2576293
109686274
227083521
166775073
216701848
45344146
873983004
995093963
712582760
42994491
623801859
705614332
505873097
211760999
262672119
33607799
216653925
990167783
744451578
731316830
368152057
332914917
115283602
665466922
858702231
358990972
468173228
996138882
375599605
77563118
294336685
387870593
688847348
91383225
300760816
507354871
554991015
366578076
253006481
72842694
362690641
394130509
252024764
290367158
662223842
74508237
694898821
947649444
214388411
917815213
626771224
141161011
916049533
256287642
364916182
718041218
775881626
268754470
654655570
967812062
891381185
573663429
637310963
917354822
288349551
131176964
674935082
109481154
246753573
387616447
425396529
637542785
635784984
294917349
576802159
516118496
875957600
172412972
353804972
146115170
422579698
336071893
614731609
151113145
765008934
711220142
4521805
93084775
297669254
631079291
305921827
885697186
20200395
467327916
284819043
292731142
272498610
771952355
207338543
43321203
974223204
873783929
4834220
119623540
435964437
294704882
629302353
687525140
583339003
270911045
810763526
56412603
758071792
685229865
974437722
160616402
904002192
183103599
651767588
673079481
854137487
146809006
208226134
